function mpc = case51ga
%CASE51GA

%% MATPOWER Case Format : Version 2
mpc.version = '2';

%%-----  Power Flow Data  -----%%
%% system MVA base
mpc.baseMVA = 1;

%% bus data
%	bus_i	type	Pd	Qd	Gs	Bs	area	Vm	Va	baseKV	zone	Vmax	Vmin
mpc.bus = [
	1	3	0	0	0	0	1	1	0	11	1	1	1;
	2	1	0.04	0.03	0	0	1	1	0	11	1	1.1	0.9;
	3	1	0.06	0.04	0	0	1	1	0	11	1	1.1	0.9;
	4	1	0.02	0.01	0	0	1	1	0	11	1	1.1	0.9;
	5	1	0.08	0.06	0	0	1	1	0	11	1	1.1	0.9;
	6	1	0.038	0.018	0	0	1	1	0	11	1	1.1	0.9;
	7	1	0.02	0.015	0	0	1	1	0	11	1	1.1	0.9;
	8	1	0.06	0.04	0	0	1	1	0	11	1	1.1	0.9;
	9	1	0.07	0.045	0	0	1	1	0	11	1	1.1	0.9;
	10	1	0.06	0.035	0	0	1	1	0	11	1	1.1	0.9;
	11	1	0.08	0.05	0	0	1	1	0	11	1	1.1	0.9;
	12	1	0.01	0.005	0	0	1	1	0	11	1	1.1	0.9;
	13	1	0.025	0.015	0	0	1	1	0	11	1	1.1	0.9;
	14	1	0.055	0.045	0	0	1	1	0	11	1	1.1	0.9;
	15	1	0.12	0.08	0	0	1	1	0	11	1	1.1	0.9;
	16	1	0.04	0.025	0	0	1	1	0	11	1	1.1	0.9;
	17	1	0.035	0.025	0	0	1	1	0	11	1	1.1	0.9;
	18	1	0.06	0.03	0	0	1	1	0	11	1	1.1	0.9;
	19	1	0.08	0.05	0	0	1	1	0	11	1	1.1	0.9;
	20	1	0.06	0.035	0	0	1	1	0	11	1	1.1	0.9;
	21	1	0.05	0.03	0	0	1	1	0	11	1	1.1	0.9;
	22	1	0.05	0.03	0	0	1	1	0	11	1	1.1	0.9;
	23	1	0.08	0.06	0	0	1	1	0	11	1	1.1	0.9;
	24	1	0.045	0.025	0	0	1	1	0	11	1	1.1	0.9;
	25	1	0.038	0.018	0	0	1	1	0	11	1	1.1	0.9;
	26	1	0.078	0.048	0	0	1	1	0	11	1	1.1	0.9;
	27	1	0.016	0.008	0	0	1	1	0	11	1	1.1	0.9;
	28	1	0.018	0.01	0	0	1	1	0	11	1	1.1	0.9;
	29	1	0.04	0.03	0	0	1	1	0	11	1	1.1	0.9;
	30	1	0.04	0.03	0	0	1	1	0	11	1	1.1	0.9;
	31	1	0.02	0.015	0	0	1	1	0	11	1	1.1	0.9;
	32	1	0.03	0.02	0	0	1	1	0	11	1	1.1	0.9;
	33	1	0.036	0.026	0	0	1	1	0	11	1	1.1	0.9;
	34	1	0.05	0.04	0	0	1	1	0	11	1	1.1	0.9;
	35	1	0.027	0.018	0	0	1	1	0	11	1	1.1	0.9;
	36	1	0.033	0.016	0	0	1	1	0	11	1	1.1	0.9;
	37	1	0.042	0.022	0	0	1	1	0	11	1	1.1	0.9;
	38	1	0.055	0.03	0	0	1	1	0	11	1	1.1	0.9;
	39	1	0.044	0.026	0	0	1	1	0	11	1	1.1	0.9;
	40	1	0.08	0.07	0	0	1	1	0	11	1	1.1	0.9;
	41	1	0.06	0.03	0	0	1	1	0	11	1	1.1	0.9;
	42	1	0.045	0.03	0	0	1	1	0	11	1	1.1	0.9;
	43	1	0.048	0.028	0	0	1	1	0	11	1	1.1	0.9;
	44	1	0.068	0.038	0	0	1	1	0	11	1	1.1	0.9;
	45	1	0.077	0.023	0	0	1	1	0	11	1	1.1	0.9;
	46	1	0.06	0.03	0	0	1	1	0	11	1	1.1	0.9;
	47	1	0.04	0.02	0	0	1	1	0	11	1	1.1	0.9;
	48	1	0.045	0.045	0	0	1	1	0	11	1	1.1	0.9;
	49	1	0.07	0.05	0	0	1	1	0	11	1	1.1	0.9;
	50	1	0.03	0.02	0	0	1	1	0	11	1	1.1	0.9;
	51	1	0.035	0.03	0	0	1	1	0	11	1	1.1	0.9;
];

%% generator data
%	bus	Pg	Qg	Qmax	Qmin	Vg	mBase	status	Pmax	Pmin	Pc1	Pc2	Qc1min	Qc1max	Qc2min	Qc2max	ramp_agc	ramp_10	ramp_30	ramp_q	apf
mpc.gen = [
	1	0	0	10	-10	1	100	1	10	0	0	0	0	0	0	0	0	0	0	0	0;
];

%% branch data
%	fbus	tbus	r	x	b	rateA	rateB	rateC	ratio	angle	status	angmin	angmax
mpc.branch = [
	1	2	0.00226446281	0.00294214876	0	0	0	0	0	0	1	-360	360;
	2	3	0.0011322314	0.00147107438	0	0	0	0	0	0	1	-360	360;
	3	4	0.00271735537	0.00353057851	0	0	0	0	0	0	1	-360	360;
	4	5	0.000905785124	0.0011768595	0	0	0	0	0	0	1	-360	360;
	5	6	0.00446280992	0.0036	0	0	0	0	0	0	1	-360	360;
	6	7	0.00297520661	0.0024	0	0	0	0	0	0	1	-360	360;
	7	8	0.00297520661	0.0024	0	0	0	0	0	0	1	-360	360;
	8	9	0.00595041322	0.0048	0	0	0	0	0	0	1	-360	360;
	9	10	0.0225785124	0.00643966942	0	0	0	0	0	0	1	-360	360;
	10	11	0.0169338843	0.00482975207	0	0	0	0	0	0	1	-360	360;
	11	12	0.0169338843	0.00482975207	0	0	0	0	0	0	1	-360	360;
	12	13	0.00790247934	0.00225371901	0	0	0	0	0	0	1	-360	360;
	13	14	0.00903140496	0.00257603306	0	0	0	0	0	0	1	-360	360;
	14	15	0.0124181818	0.00354214876	0	0	0	0	0	0	1	-360	360;
	15	16	0.0248363636	0.00708347107	0	0	0	0	0	0	1	-360	360;
	3	17	0.0225785124	0.00643966942	0	0	0	0	0	0	1	-360	360;
	17	18	0.00677355372	0.0019322314	0	0	0	0	0	0	1	-360	360;
	18	19	0.0112892562	0.00321983471	0	0	0	0	0	0	1	-360	360;
	19	20	0.0112892562	0.00321983471	0	0	0	0	0	0	1	-360	360;
	20	21	0.0169338843	0.00482975207	0	0	0	0	0	0	1	-360	360;
	21	22	0.0124181818	0.00354214876	0	0	0	0	0	0	1	-360	360;
	4	23	0.0135471074	0.00386363636	0	0	0	0	0	0	1	-360	360;
	23	24	0.0146760331	0.00418595041	0	0	0	0	0	0	1	-360	360;
	24	25	0.00903140496	0.00257603306	0	0	0	0	0	0	1	-360	360;
	25	26	0.00677355372	0.0019322314	0	0	0	0	0	0	1	-360	360;
	26	27	0.00451570248	0.00128760331	0	0	0	0	0	0	1	-360	360;
	27	28	0.00903140496	0.00257603306	0	0	0	0	0	0	1	-360	360;
	28	29	0.00225785124	0.000643801653	0	0	0	0	0	0	1	-360	360;
	6	30	0.00580165289	0.00394545455	0	0	0	0	0	0	1	-360	360;
	30	31	0.0053553719	0.00364132231	0	0	0	0	0	0	1	-360	360;
	31	32	0.0053553719	0.00364132231	0	0	0	0	0	0	1	-360	360;
	32	33	0.0053553719	0.00364132231	0	0	0	0	0	0	1	-360	360;
	33	34	0.00446280992	0.00303471074	0	0	0	0	0	0	1	-360	360;
	34	35	0.00267768595	0.00182066116	0	0	0	0	0	0	1	-360	360;
	35	36	0.00321322314	0.00218512397	0	0	0	0	0	0	1	-360	360;
	36	37	0.00357024793	0.00242809917	0	0	0	0	0	0	1	-360	360;
	37	38	0.00490909091	0.00333801653	0	0	0	0	0	0	1	-360	360;
	38	39	0.00580165289	0.00394545455	0	0	0	0	0	0	1	-360	360;
	7	40	0.0158049587	0.00450743802	0	0	0	0	0	0	1	-360	360;
	40	41	0.0248363636	0.00708347107	0	0	0	0	0	0	1	-360	360;
	41	42	0.0203206612	0.00579586777	0	0	0	0	0	0	1	-360	360;
	42	43	0.0180628099	0.00515206612	0	0	0	0	0	0	1	-360	360;
	43	44	0.0180628099	0.00515206612	0	0	0	0	0	0	1	-360	360;
	44	45	0.0056446281	0.00160991736	0	0	0	0	0	0	1	-360	360;
	9	46	0.00790247934	0.00225371901	0	0	0	0	0	0	1	-360	360;
	46	47	0.00846694215	0.00241487603	0	0	0	0	0	0	1	-360	360;
	47	48	0.0101603306	0.00289752066	0	0	0	0	0	0	1	-360	360;
	48	49	0.0146760331	0.00418595041	0	0	0	0	0	0	1	-360	360;
	49	50	0.0135471074	0.00386363636	0	0	0	0	0	0	1	-360	360;
	50	51	0.0112892562	0.00321983471	0	0	0	0	0	0	1	-360	360;
];

%%-----  OPF Data  -----%%
%% generator cost data
%	1	startup	shutdown	n	x1	y1	...	xn	yn
%	2	startup	shutdown	n	c(n-1)	...	c0
mpc.gencost = [
	2	0	0	3	0	20	0;
];
