function mpc = case136ma
%CASE136MA

%% MATPOWER Case Format : Version 2
mpc.version = '2';

%%-----  Power Flow Data  -----%%
%% system MVA base
mpc.baseMVA = 10;

%% bus data
%	bus_i	type	Pd	Qd	Gs	Bs	area	Vm	Va	baseKV	zone	Vmax	Vmin
mpc.bus = [
	1	3	0	0	0	0	1	1	0	13.8	1	1.05	0.95;
	2	1	0	0	0	0	1	1	0	13.8	1	1.05	0.95;
	3	1	0.04778	0.01901	0	0	1	1	0	13.8	1	1.05	0.95;
	4	1	0.04255	0.01693	0	0	1	1	0	13.8	1	1.05	0.95;
	5	1	0.08702	0.03462	0	0	1	1	0	13.8	1	1.05	0.95;
	6	1	0.31131	0.123855	0	0	1	1	0	13.8	1	1.05	0.95;
	7	1	0.148869	0.05923	0	0	1	1	0	13.8	1	1.05	0.95;
	8	1	0.238672	0.09496	0	0	1	1	0	13.8	1	1.05	0.95;
	9	1	0.0623	0.02479	0	0	1	1	0	13.8	1	1.05	0.95;
	10	1	0.124598	0.04957	0	0	1	1	0	13.8	1	1.05	0.95;
	11	1	0.140175	0.05577	0	0	1	1	0	13.8	1	1.05	0.95;
	12	1	0.116813	0.04647	0	0	1	1	0	13.8	1	1.05	0.95;
	13	1	0.249203	0.09915	0	0	1	1	0	13.8	1	1.05	0.95;
	14	1	0.291447	0.115952	0	0	1	1	0	13.8	1	1.05	0.95;
	15	1	0.30372	0.120835	0	0	1	1	0	13.8	1	1.05	0.95;
	16	1	0.215396	0.0857	0	0	1	1	0	13.8	1	1.05	0.95;
	17	1	0.198586	0.07901	0	0	1	1	0	13.8	1	1.05	0.95;
	18	1	0	0	0	0	1	1	0	13.8	1	1.05	0.95;
	19	1	0	0	0	0	1	1	0	13.8	1	1.05	0.95;
	20	1	0	0	0	0	1	1	0	13.8	1	1.05	0.95;
	21	1	0.03013	0.01473	0	0	1	1	0	13.8	1	1.05	0.95;
	22	1	0.230972	0.11292	0	0	1	1	0	13.8	1	1.05	0.95;
	23	1	0.06026	0.02946	0	0	1	1	0	13.8	1	1.05	0.95;
	24	1	0.230972	0.11292	0	0	1	1	0	13.8	1	1.05	0.95;
	25	1	0.120507	0.05892	0	0	1	1	0	13.8	1	1.05	0.95;
	26	1	0	0	0	0	1	1	0	13.8	1	1.05	0.95;
	27	1	0.05698	0.02786	0	0	1	1	0	13.8	1	1.05	0.95;
	28	1	0.364665	0.178281	0	0	1	1	0	13.8	1	1.05	0.95;
	29	1	0	0	0	0	1	1	0	13.8	1	1.05	0.95;
	30	1	0.124647	0.06094	0	0	1	1	0	13.8	1	1.05	0.95;
	31	1	0.05698	0.02786	0	0	1	1	0	13.8	1	1.05	0.95;
	32	1	0	0	0	0	1	1	0	13.8	1	1.05	0.95;
	33	1	0.08547	0.04179	0	0	1	1	0	13.8	1	1.05	0.95;
	34	1	0	0	0	0	1	1	0	13.8	1	1.05	0.95;
	35	1	0.396735	0.19396	0	0	1	1	0	13.8	1	1.05	0.95;
	36	1	0	0	0	0	1	1	0	13.8	1	1.05	0.95;
	37	1	0.181152	0.08856	0	0	1	1	0	13.8	1	1.05	0.95;
	38	1	0.242172	0.118395	0	0	1	1	0	13.8	1	1.05	0.95;
	39	1	0.07532	0.03682	0	0	1	1	0	13.8	1	1.05	0.95;
	40	1	0	0	0	0	1	1	0	13.8	1	1.05	0.95;
	41	1	0.00125	0.00053	0	0	1	1	0	13.8	1	1.05	0.95;
	42	1	0.00627	0.00266	0	0	1	1	0	13.8	1	1.05	0.95;
	43	1	0	0	0	0	1	1	0	13.8	1	1.05	0.95;
	44	1	0.11788	0.04997	0	0	1	1	0	13.8	1	1.05	0.95;
	45	1	0.06267	0.02657	0	0	1	1	0	13.8	1	1.05	0.95;
	46	1	0.172285	0.07303	0	0	1	1	0	13.8	1	1.05	0.95;
	47	1	0.458556	0.194388	0	0	1	1	0	13.8	1	1.05	0.95;
	48	1	0.262962	0.111473	0	0	1	1	0	13.8	1	1.05	0.95;
	49	1	0.235761	0.09994	0	0	1	1	0	13.8	1	1.05	0.95;
	50	1	0	0	0	0	1	1	0	13.8	1	1.05	0.95;
	51	1	0.109215	0.0463	0	0	1	1	0	13.8	1	1.05	0.95;
	52	1	0	0	0	0	1	1	0	13.8	1	1.05	0.95;
	53	1	0.07281	0.03087	0	0	1	1	0	13.8	1	1.05	0.95;
	54	1	0.258473	0.10957	0	0	1	1	0	13.8	1	1.05	0.95;
	55	1	0.06917	0.02932	0	0	1	1	0	13.8	1	1.05	0.95;
	56	1	0.02184	0.00926	0	0	1	1	0	13.8	1	1.05	0.95;
	57	1	0	0	0	0	1	1	0	13.8	1	1.05	0.95;
	58	1	0.02053	0.0087	0	0	1	1	0	13.8	1	1.05	0.95;
	59	1	0.150548	0.06382	0	0	1	1	0	13.8	1	1.05	0.95;
	60	1	0.220687	0.09355	0	0	1	1	0	13.8	1	1.05	0.95;
	61	1	0.09238	0.03916	0	0	1	1	0	13.8	1	1.05	0.95;
	62	1	0	0	0	0	1	1	0	13.8	1	1.05	0.95;
	63	1	0.226693	0.0961	0	0	1	1	0	13.8	1	1.05	0.95;
	64	1	0	0	0	0	1	1	0	13.8	1	1.05	0.95;
	65	1	0.294016	0.116974	0	0	1	1	0	13.8	1	1.05	0.95;
	66	1	0.08302	0.03303	0	0	1	1	0	13.8	1	1.05	0.95;
	67	1	0.08302	0.03303	0	0	1	1	0	13.8	1	1.05	0.95;
	68	1	0.10377	0.04129	0	0	1	1	0	13.8	1	1.05	0.95;
	69	1	0.176408	0.07018	0	0	1	1	0	13.8	1	1.05	0.95;
	70	1	0.08302	0.03303	0	0	1	1	0	13.8	1	1.05	0.95;
	71	1	0.217917	0.0867	0	0	1	1	0	13.8	1	1.05	0.95;
	72	1	0.02329	0.00927	0	0	1	1	0	13.8	1	1.05	0.95;
	73	1	0.00508	0.00202	0	0	1	1	0	13.8	1	1.05	0.95;
	74	1	0.07264	0.0289	0	0	1	1	0	13.8	1	1.05	0.95;
	75	1	0.40599	0.161523	0	0	1	1	0	13.8	1	1.05	0.95;
	76	1	0	0	0	0	1	1	0	13.8	1	1.05	0.95;
	77	1	0.100182	0.04247	0	0	1	1	0	13.8	1	1.05	0.95;
	78	1	0.142523	0.06042	0	0	1	1	0	13.8	1	1.05	0.95;
	79	1	0.09604	0.04071	0	0	1	1	0	13.8	1	1.05	0.95;
	80	1	0.300454	0.127366	0	0	1	1	0	13.8	1	1.05	0.95;
	81	1	0.141238	0.05987	0	0	1	1	0	13.8	1	1.05	0.95;
	82	1	0.279847	0.118631	0	0	1	1	0	13.8	1	1.05	0.95;
	83	1	0.08731	0.03701	0	0	1	1	0	13.8	1	1.05	0.95;
	84	1	0.243849	0.103371	0	0	1	1	0	13.8	1	1.05	0.95;
	85	1	0.24775	0.105025	0	0	1	1	0	13.8	1	1.05	0.95;
	86	1	0	0	0	0	1	1	0	13.8	1	1.05	0.95;
	87	1	0.08988	0.0381	0	0	1	1	0	13.8	1	1.05	0.95;
	88	1	1.13728	0.482108	0	0	1	1	0	13.8	1	1.05	0.95;
	89	1	0.458339	0.194296	0	0	1	1	0	13.8	1	1.05	0.95;
	90	1	0.385197	0.16329	0	0	1	1	0	13.8	1	1.05	0.95;
	91	1	0	0	0	0	1	1	0	13.8	1	1.05	0.95;
	92	1	0.07961	0.03375	0	0	1	1	0	13.8	1	1.05	0.95;
	93	1	0.08731	0.03701	0	0	1	1	0	13.8	1	1.05	0.95;
	94	1	0	0	0	0	1	1	0	13.8	1	1.05	0.95;
	95	1	0.074	0.03137	0	0	1	1	0	13.8	1	1.05	0.95;
	96	1	0.23205	0.09837	0	0	1	1	0	13.8	1	1.05	0.95;
	97	1	0.141819	0.06012	0	0	1	1	0	13.8	1	1.05	0.95;
	98	1	0	0	0	0	1	1	0	13.8	1	1.05	0.95;
	99	1	0.07645	0.03241	0	0	1	1	0	13.8	1	1.05	0.95;
	100	1	0	0	0	0	1	1	0	13.8	1	1.05	0.95;
	101	1	0.05132	0.02176	0	0	1	1	0	13.8	1	1.05	0.95;
	102	1	0.05987	0.02538	0	0	1	1	0	13.8	1	1.05	0.95;
	103	1	0.00907	0.00384	0	0	1	1	0	13.8	1	1.05	0.95;
	104	1	0.00209	0.00089	0	0	1	1	0	13.8	1	1.05	0.95;
	105	1	0.016735	0.00709	0	0	1	1	0	13.8	1	1.05	0.95;
	106	1	1.506522	0.638634	0	0	1	1	0	13.8	1	1.05	0.95;
	107	1	0.313023	0.132694	0	0	1	1	0	13.8	1	1.05	0.95;
	108	1	0.07983	0.03384	0	0	1	1	0	13.8	1	1.05	0.95;
	109	1	0.05132	0.02176	0	0	1	1	0	13.8	1	1.05	0.95;
	110	1	0	0	0	0	1	1	0	13.8	1	1.05	0.95;
	111	1	0.202435	0.08582	0	0	1	1	0	13.8	1	1.05	0.95;
	112	1	0.06082	0.02578	0	0	1	1	0	13.8	1	1.05	0.95;
	113	1	0.04562	0.01934	0	0	1	1	0	13.8	1	1.05	0.95;
	114	1	0	0	0	0	1	1	0	13.8	1	1.05	0.95;
	115	1	0.15707	0.06658	0	0	1	1	0	13.8	1	1.05	0.95;
	116	1	0	0	0	0	1	1	0	13.8	1	1.05	0.95;
	117	1	0.250148	0.106041	0	0	1	1	0	13.8	1	1.05	0.95;
	118	1	0	0	0	0	1	1	0	13.8	1	1.05	0.95;
	119	1	0.06981	0.02959	0	0	1	1	0	13.8	1	1.05	0.95;
	120	1	0.03207	0.0136	0	0	1	1	0	13.8	1	1.05	0.95;
	121	1	0.06108	0.02589	0	0	1	1	0	13.8	1	1.05	0.95;
	122	1	0	0	0	0	1	1	0	13.8	1	1.05	0.95;
	123	1	0.09462	0.04626	0	0	1	1	0	13.8	1	1.05	0.95;
	124	1	0.04986	0.02438	0	0	1	1	0	13.8	1	1.05	0.95;
	125	1	0.123164	0.06021	0	0	1	1	0	13.8	1	1.05	0.95;
	126	1	0.07835	0.0383	0	0	1	1	0	13.8	1	1.05	0.95;
	127	1	0.145475	0.07112	0	0	1	1	0	13.8	1	1.05	0.95;
	128	1	0.02137	0.01045	0	0	1	1	0	13.8	1	1.05	0.95;
	129	1	0.07479	0.03656	0	0	1	1	0	13.8	1	1.05	0.95;
	130	1	0.227926	0.111431	0	0	1	1	0	13.8	1	1.05	0.95;
	131	1	0.03561	0.01741	0	0	1	1	0	13.8	1	1.05	0.95;
	132	1	0.249295	0.121877	0	0	1	1	0	13.8	1	1.05	0.95;
	133	1	0.316722	0.154842	0	0	1	1	0	13.8	1	1.05	0.95;
	134	1	0.333817	0.163199	0	0	1	1	0	13.8	1	1.05	0.95;
	135	1	0.249295	0.121877	0	0	1	1	0	13.8	1	1.05	0.95;
	136	1	0	0	0	0	1	1	0	13.8	1	1.05	0.95;
];

%% generator data
%	bus	Pg	Qg	Qmax	Qmin	Vg	mBase	status	Pmax	Pmin	Pc1	Pc2	Qc1min	Qc1max	Qc2min	Qc2max	ramp_agc	ramp_10	ramp_30	ramp_q	apf
mpc.gen = [
	1	0	0	10	-10	1	100	1	10	0	0	0	0	0	0	0	0	0	0	0	0;
];

%% branch data
%	fbus	tbus	r	x	b	rateA	rateB	rateC	ratio	angle	status	angmin	angmax
