function mpc = case94pi
%CASE94PI

%% MATPOWER Case Format : Version 2
mpc.version = '2';

%%-----  Power Flow Data  -----%%
%% system MVA base
mpc.baseMVA = 1;

%% bus data
%	bus_i	type	Pd	Qd	Gs	Bs	area	Vm	Va	baseKV	zone	Vmax	Vmin
mpc.bus = [
	1	3	0	0	0	0	1	1	0	15	1	1	1;
	2	1	0.0225	0.0109	0	0	1	1	0	15	1	1.1	0.9;
	3	1	0.2403	0.1164	0	0	1	1	0	15	1	1.1	0.9;
	4	1	0.0243	0.0118	0	0	1	1	0	15	1	1.1	0.9;
	5	1	0	0	0	0	1	1	0	15	1	1.1	0.9;
	6	1	0	0	0	0	1	1	0	15	1	1.1	0.9;
	7	1	0.0288	0.014	0	0	1	1	0	15	1	1.1	0.9;
	8	1	0	0	0	0	1	1	0	15	1	1.1	0.9;
	9	1	0	0	0	0	1	1	0	15	1	1.1	0.9;
	10	1	0	0	0	0	1	1	0	15	1	1.1	0.9;
	11	1	0	0	0	0	1	1	0	15	1	1.1	0.9;
	12	1	0	0	0	0	1	1	0	15	1	1.1	0.9;
	13	1	0	0	0	0	1	1	0	15	1	1.1	0.9;
	14	1	0.0576	0.0279	0	0	1	1	0	15	1	1.1	0.9;
	15	1	0	0	0	0	1	1	0	15	1	1.1	0.9;
	16	1	0	0	0	0	1	1	0	15	1	1.1	0.9;
	17	1	0.0189	0.0092	0	0	1	1	0	15	1	1.1	0.9;
	18	1	0	0	0	0	1	1	0	15	1	1.1	0.9;
	19	1	0	0	0	0	1	1	0	15	1	1.1	0.9;
	20	1	0.0558	0.027	0	0	1	1	0	15	1	1.1	0.9;
	21	1	0.0405	0.0196	0	0	1	1	0	15	1	1.1	0.9;
	22	1	0	0	0	0	1	1	0	15	1	1.1	0.9;
	23	1	0.054	0.0262	0	0	1	1	0	15	1	1.1	0.9;
	24	1	0	0	0	0	1	1	0	15	1	1.1	0.9;
	25	1	0	0	0	0	1	1	0	15	1	1.1	0.9;
	26	1	0.0468	0.0227	0	0	1	1	0	15	1	1.1	0.9;
	27	1	0	0	0	0	1	1	0	15	1	1.1	0.9;
	28	1	0	0	0	0	1	1	0	15	1	1.1	0.9;
	29	1	0.0135	0.0065	0	0	1	1	0	15	1	1.1	0.9;
	30	1	0.0036	0.0017	0	0	1	1	0	15	1	1.1	0.9;
	31	1	0.018	0.0087	0	0	1	1	0	15	1	1.1	0.9;
	32	1	0.0216	0.0105	0	0	1	1	0	15	1	1.1	0.9;
	33	1	0.009	0.0044	0	0	1	1	0	15	1	1.1	0.9;
	34	1	0.0648	0.0314	0	0	1	1	0	15	1	1.1	0.9;
	35	1	0.0657	0.0318	0	0	1	1	0	15	1	1.1	0.9;
	36	1	0.0594	0.0288	0	0	1	1	0	15	1	1.1	0.9;
	37	1	0.0135	0.0065	0	0	1	1	0	15	1	1.1	0.9;
	38	1	0.1611	0.078	0	0	1	1	0	15	1	1.1	0.9;
	39	1	0.0261	0.0126	0	0	1	1	0	15	1	1.1	0.9;
	40	1	0.1341	0.065	0	0	1	1	0	15	1	1.1	0.9;
	41	1	0.0855	0.0414	0	0	1	1	0	15	1	1.1	0.9;
	42	1	0.0414	0.0201	0	0	1	1	0	15	1	1.1	0.9;
	43	1	0.0414	0.0201	0	0	1	1	0	15	1	1.1	0.9;
	44	1	0.0414	0.0201	0	0	1	1	0	15	1	1.1	0.9;
	45	1	0.0216	0.0105	0	0	1	1	0	15	1	1.1	0.9;
	46	1	0.0252	0.0122	0	0	1	1	0	15	1	1.1	0.9;
	47	1	0.0459	0.0222	0	0	1	1	0	15	1	1.1	0.9;
	48	1	0.0369	0.0179	0	0	1	1	0	15	1	1.1	0.9;
	49	1	0.0639	0.031	0	0	1	1	0	15	1	1.1	0.9;
	50	1	0.0684	0.0331	0	0	1	1	0	15	1	1.1	0.9;
	51	1	0.0279	0.0135	0	0	1	1	0	15	1	1.1	0.9;
	52	1	0.081	0.0392	0	0	1	1	0	15	1	1.1	0.9;
	53	1	0.0693	0.0336	0	0	1	1	0	15	1	1.1	0.9;
	54	1	0.0621	0.0301	0	0	1	1	0	15	1	1.1	0.9;
	55	1	0.0351	0.017	0	0	1	1	0	15	1	1.1	0.9;
	56	1	0.2052	0.0994	0	0	1	1	0	15	1	1.1	0.9;
	57	1	0.0315	0.0153	0	0	1	1	0	15	1	1.1	0.9;
	58	1	0.5211	0.2524	0	0	1	1	0	15	1	1.1	0.9;
	59	1	0.2124	0.1029	0	0	1	1	0	15	1	1.1	0.9;
	60	1	0.0396	0.0192	0	0	1	1	0	15	1	1.1	0.9;
	61	1	0.045	0.0218	0	0	1	1	0	15	1	1.1	0.9;
	62	1	0.0171	0.0083	0	0	1	1	0	15	1	1.1	0.9;
	63	1	0.0216	0.0105	0	0	1	1	0	15	1	1.1	0.9;
	64	1	0.0351	0.017	0	0	1	1	0	15	1	1.1	0.9;
	65	1	0.0702	0.034	0	0	1	1	0	15	1	1.1	0.9;
	66	1	0.0342	0.0166	0	0	1	1	0	15	1	1.1	0.9;
	67	1	0.0225	0.0109	0	0	1	1	0	15	1	1.1	0.9;
	68	1	0.0459	0.0222	0	0	1	1	0	15	1	1.1	0.9;
	69	1	0.0333	0.0161	0	0	1	1	0	15	1	1.1	0.9;
	70	1	0.0369	0.0179	0	0	1	1	0	15	1	1.1	0.9;
	71	1	0.045	0.0218	0	0	1	1	0	15	1	1.1	0.9;
	72	1	0.0756	0.0366	0	0	1	1	0	15	1	1.1	0.9;
	73	1	0.0675	0.0327	0	0	1	1	0	15	1	1.1	0.9;
	74	1	0.0279	0.0135	0	0	1	1	0	15	1	1.1	0.9;
	75	1	0.0387	0.0187	0	0	1	1	0	15	1	1.1	0.9;
	76	1	0.0531	0.0257	0	0	1	1	0	15	1	1.1	0.9;
	77	1	0.0657	0.0318	0	0	1	1	0	15	1	1.1	0.9;
	78	1	0.063	0.0305	0	0	1	1	0	15	1	1.1	0.9;
	79	1	0.0675	0.0327	0	0	1	1	0	15	1	1.1	0.9;
	80	1	0.045	0.0218	0	0	1	1	0	15	1	1.1	0.9;
	81	1	0.009	0.0044	0	0	1	1	0	15	1	1.1	0.9;
	82	1	0.0162	0.0078	0	0	1	1	0	15	1	1.1	0.9;
	83	1	0.0675	0.0327	0	0	1	1	0	15	1	1.1	0.9;
	84	1	0.2961	0.1434	0	0	1	1	0	15	1	1.1	0.9;
	85	1	0.072	0.0349	0	0	1	1	0	15	1	1.1	0.9;
	86	1	0.0765	0.0371	0	0	1	1	0	15	1	1.1	0.9;
	87	1	0.0909	0.044	0	0	1	1	0	15	1	1.1	0.9;
	88	1	0.072	0.0349	0	0	1	1	0	15	1	1.1	0.9;
	89	1	0.063	0.0305	0	0	1	1	0	15	1	1.1	0.9;
	90	1	0.0216	0.0105	0	0	1	1	0	15	1	1.1	0.9;
	91	1	0.0369	0.0179	0	0	1	1	0	15	1	1.1	0.9;
	92	1	0.0207	0.01	0	0	1	1	0	15	1	1.1	0.9;
	93	1	0.0171	0.0083	0	0	1	1	0	15	1	1.1	0.9;
	94	1	0.09	0.0436	0	0	1	1	0	15	1	1.1	0.9;
];

%% generator data
%	bus	Pg	Qg	Qmax	Qmin	Vg	mBase	status	Pmax	Pmin	Pc1	Pc2	Qc1min	Qc1max	Qc2min	Qc2max	ramp_agc	ramp_10	ramp_30	ramp_q	apf
mpc.gen = [
	1	0	0	10	-10	1	100	1	10	0	0	0	0	0	0	0	0	0	0	0	0;
];

%% branch data
%	fbus	tbus	r	x	b	rateA	rateB	rateC	ratio	angle	status	angmin	angmax
