function mpc = case51he
%CASE51HE

%% MATPOWER Case Format : Version 2
mpc.version = '2';

%%-----  Power Flow Data  -----%%
%% system MVA base
mpc.baseMVA = 1;

%% bus data
%	bus_i	type	Pd	Qd	Gs	Bs	area	Vm	Va	baseKV	zone	Vmax	Vmin
mpc.bus = [
	1	3	0	0	0	0	1	1	0	22	1	1	1;
	2	1	0.01458	0.00807	0	0	1	1	0	22	1	1.1	0.9;
	3	1	0	0	0	0	1	1	0	22	1	1.1	0.9;
	4	1	0	0	0	0	1	1	0	22	1	1.1	0.9;
	5	1	0	0	0	0	1	1	0	22	1	1.1	0.9;
	6	1	0.01458	0.00807	0	0	1	1	0	22	1	1.1	0.9;
	7	1	0	0	0	0	1	1	0	22	1	1.1	0.9;
	8	1	0	0	0	0	1	1	0	22	1	1.1	0.9;
	9	1	0.05833	0.03227	0	0	1	1	0	22	1	1.1	0.9;
	10	1	0	0	0	0	1	1	0	22	1	1.1	0.9;
	11	1	0	0	0	0	1	1	0	22	1	1.1	0.9;
	12	1	0.02	0.015	0	0	1	1	0	22	1	1.1	0.9;
	13	1	0	0	0	0	1	1	0	22	1	1.1	0.9;
	14	1	0	0	0	0	1	1	0	22	1	1.1	0.9;
	15	1	0	0	0	0	1	1	0	22	1	1.1	0.9;
	16	1	0.02917	0.01614	0	0	1	1	0	22	1	1.1	0.9;
	17	1	0.07292	0.04034	0	0	1	1	0	22	1	1.1	0.9;
	18	1	0.02	0.015	0	0	1	1	0	22	1	1.1	0.9;
	19	1	0.14567	0.08069	0	0	1	1	0	22	1	1.1	0.9;
	20	1	0.06288	0.03333	0	0	1	1	0	22	1	1.1	0.9;
	21	1	0.01458	0.00807	0	0	1	1	0	22	1	1.1	0.9;
	22	1	0.09479	0.05245	0	0	1	1	0	22	1	1.1	0.9;
	23	1	0.01458	0.00807	0	0	1	1	0	22	1	1.1	0.9;
	24	1	0	0	0	0	1	1	0	22	1	1.1	0.9;
	25	1	0.01458	0.00807	0	0	1	1	0	22	1	1.1	0.9;
	26	1	0.035	0.01936	0	0	1	1	0	22	1	1.1	0.9;
	27	1	0.02917	0.01614	0	0	1	1	0	22	1	1.1	0.9;
	28	1	0.02917	0.01614	0	0	1	1	0	22	1	1.1	0.9;
	29	1	0.09188	0.05083	0	0	1	1	0	22	1	1.1	0.9;
	30	1	0.0859	0.03683	0	0	1	1	0	22	1	1.1	0.9;
	31	1	0.02917	0.01614	0	0	1	1	0	22	1	1.1	0.9;
	32	1	0.01458	0.00807	0	0	1	1	0	22	1	1.1	0.9;
	33	1	0.04375	0.02421	0	0	1	1	0	22	1	1.1	0.9;
	34	1	0.04375	0.02421	0	0	1	1	0	22	1	1.1	0.9;
	35	1	0	0	0	0	1	1	0	22	1	1.1	0.9;
	36	1	0.14583	0.08069	0	0	1	1	0	22	1	1.1	0.9;
	37	1	0.09188	0.05083	0	0	1	1	0	22	1	1.1	0.9;
	38	1	0.02917	0.01614	0	0	1	1	0	22	1	1.1	0.9;
	39	1	0.05833	0.03227	0	0	1	1	0	22	1	1.1	0.9;
	40	1	0.01458	0.00807	0	0	1	1	0	22	1	1.1	0.9;
	41	1	0.02917	0.01614	0	0	1	1	0	22	1	1.1	0.9;
	42	1	0.02917	0.01614	0	0	1	1	0	22	1	1.1	0.9;
	43	1	0.02917	0.01614	0	0	1	1	0	22	1	1.1	0.9;
	44	1	0.14875	0.0823	0	0	1	1	0	22	1	1.1	0.9;
	45	1	0.02917	0.01614	0	0	1	1	0	22	1	1.1	0.9;
	46	1	0	0	0	0	1	1	0	22	1	1.1	0.9;
	47	1	0.02917	0.01614	0	0	1	1	0	22	1	1.1	0.9;
	48	1	0.05833	0.03227	0	0	1	1	0	22	1	1.1	0.9;
	49	1	0.04375	0.02421	0	0	1	1	0	22	1	1.1	0.9;
	50	1	0.11667	0.06455	0	0	1	1	0	22	1	1.1	0.9;
	51	1	0.09188	0.05083	0	0	1	1	0	22	1	1.1	0.9;
];

%% generator data
%	bus	Pg	Qg	Qmax	Qmin	Vg	mBase	status	Pmax	Pmin	Pc1	Pc2	Qc1min	Qc1max	Qc2min	Qc2max	ramp_agc	ramp_10	ramp_30	ramp_q	apf
mpc.gen = [
	1	0	0	10	-10	1	100	1	10	0	0	0	0	0	0	0	0	0	0	0	0;
];

%% branch data
%	fbus	tbus	r	x	b	rateA	rateB	rateC	ratio	angle	status	angmin	angmax
mpc.branch = [
	1	2	0.000870661157	0.00151528926	0	0	0	0	0	0	1	-360	360;
	2	3	0.000870661157	0.00151528926	0	0	0	0	0	0	1	-360	360;
	3	4	0.000435330579	0.000757644628	0	0	0	0	0	0	1	-360	360;
	4	5	0.000870661157	0.00151528926	0	0	0	0	0	0	1	-360	360;
	5	6	0.000435330579	0.000757644628	0	0	0	0	0	0	1	-360	360;
	6	7	0.000435330579	0.000757644628	0	0	0	0	0	0	1	-360	360;
	7	8	0.000870661157	0.00151528926	0	0	0	0	0	0	1	-360	360;
	8	9	0.000870661157	0.00151528926	0	0	0	0	0	0	1	-360	360;
	9	10	0.000825619835	0.00138873967	0	0	0	0	0	0	1	-360	360;
	10	11	0.00110082645	0.00185165289	0	0	0	0	0	0	1	-360	360;
	11	12	0.000550413223	0.000925826446	0	0	0	0	0	0	1	-360	360;
	12	13	0.00165123967	0.00277747934	0	0	0	0	0	0	1	-360	360;
	13	14	0.00110082645	0.00185165289	0	0	0	0	0	0	1	-360	360;
	14	15	0.00344369835	0.0022768595	0	0	0	0	0	0	1	-360	360;
	15	16	0.00413243802	0.0027322314	0	0	0	0	0	0	1	-360	360;
	16	17	0.00137747934	0.000910743802	0	0	0	0	0	0	1	-360	360;
	17	18	0.00275495868	0.0018214876	0	0	0	0	0	0	1	-360	360;
	18	19	0.00137747934	0.000910743802	0	0	0	0	0	0	1	-360	360;
	3	20	0.0110198347	0.00728595041	0	0	0	0	0	0	1	-360	360;
	4	21	0.00275495868	0.0018214876	0	0	0	0	0	0	1	-360	360;
	5	22	0.00688739669	0.00455371901	0	0	0	0	0	0	1	-360	360;
	22	23	0.00550991736	0.00364297521	0	0	0	0	0	0	1	-360	360;
	23	24	0.00137747934	0.000910743802	0	0	0	0	0	0	1	-360	360;
	24	25	0.0137747934	0.00910743802	0	0	0	0	0	0	1	-360	360;
	25	26	0.00275495868	0.0018214876	0	0	0	0	0	0	1	-360	360;
	26	27	0.00413243802	0.0027322314	0	0	0	0	0	0	1	-360	360;
	23	28	0.0110198347	0.00728595041	0	0	0	0	0	0	1	-360	360;
	24	29	0.00275495868	0.0018214876	0	0	0	0	0	0	1	-360	360;
	7	30	0.010331095	0.00683057851	0	0	0	0	0	0	1	-360	360;
	30	31	0.00137747934	0.000910743802	0	0	0	0	0	0	1	-360	360;
	31	32	0.00275495868	0.0018214876	0	0	0	0	0	0	1	-360	360;
	32	33	0.00275495868	0.0018214876	0	0	0	0	0	0	1	-360	360;
	33	34	0.00206621901	0.0013661157	0	0	0	0	0	0	1	-360	360;
	34	35	0.00275495868	0.0018214876	0	0	0	0	0	0	1	-360	360;
	35	36	0.00482117769	0.00318760331	0	0	0	0	0	0	1	-360	360;
	36	37	0.00275495868	0.0018214876	0	0	0	0	0	0	1	-360	360;
	37	38	0.00206621901	0.0013661157	0	0	0	0	0	0	1	-360	360;
	30	39	0.00413243802	0.0027322314	0	0	0	0	0	0	1	-360	360;
	35	40	0.00275495868	0.0018214876	0	0	0	0	0	0	1	-360	360;
	8	41	0.00206621901	0.0013661157	0	0	0	0	0	0	1	-360	360;
	9	42	0.00275495868	0.0018214876	0	0	0	0	0	0	1	-360	360;
	10	43	0.00826487603	0.00546446281	0	0	0	0	0	0	1	-360	360;
	11	44	0.00275495868	0.0018214876	0	0	0	0	0	0	1	-360	360;
	12	45	0.00964235537	0.00637520661	0	0	0	0	0	0	1	-360	360;
	14	46	0.00137747934	0.000910743802	0	0	0	0	0	0	1	-360	360;
	46	47	0.00413243802	0.0027322314	0	0	0	0	0	0	1	-360	360;
	47	48	0.00413243802	0.0027322314	0	0	0	0	0	0	1	-360	360;
	46	49	0.000275495868	0.00018214876	0	0	0	0	0	0	1	-360	360;
	15	50	0.00964235537	0.00637520661	0	0	0	0	0	0	1	-360	360;
	17	51	0.00550991736	0.00364297521	0	0	0	0	0	0	1	-360	360;
];

%%-----  OPF Data  -----%%
%% generator cost data
%	1	startup	shutdown	n	x1	y1	...	xn	yn
%	2	startup	shutdown	n	c(n-1)	...	c0
mpc.gencost = [
	2	0	0	3	0	20	0;
];
