function mpc = case141
%CASE141

%% MATPOWER Case Format : Version 2
mpc.version = '2';

%%-----  Power Flow Data  -----%%
%% system MVA base
mpc.baseMVA = 10;

%% bus data
%	bus_i	type	Pd	Qd	Gs	Bs	area	Vm	Va	baseKV	zone	Vmax	Vmin
mpc.bus = [
	1	3	0	0	0	0	1	1	0	12.47	1	1	1;
	2	1	0	0	0	0	1	1	0	12.47	1	1.1	0.9;
	3	1	0	0	0	0	1	1	0	12.47	1	1.1	0.9;
	4	1	0	0	0	0	1	1	0	12.47	1	1.1	0.9;
	5	1	0	0	0	0	1	1	0	12.47	1	1.1	0.9;
	6	1	0	0	0	0	1	1	0	12.47	1	1.1	0.9;
	7	1	0	0	0	0	1	1	0	12.47	1	1.1	0.9;
	8	1	0.06375	0.0395087016	0	0	1	1	0	12.47	1	1.1	0.9;
	9	1	0.0085	0.00526782688	0	0	1	1	0	12.47	1	1.1	0.9;
	10	1	0	0	0	0	1	1	0	12.47	1	1.1	0.9;
	11	1	0	0	0	0	1	1	0	12.47	1	1.1	0.9;
	12	1	0.02125	0.0131695672	0	0	1	1	0	12.47	1	1.1	0.9;
	13	1	0.06375	0.0395087016	0	0	1	1	0	12.47	1	1.1	0.9;
	14	1	0	0	0	0	1	1	0	12.47	1	1.1	0.9;
	15	1	0	0	0	0	1	1	0	12.47	1	1.1	0.9;
	16	1	0	0	0	0	1	1	0	12.47	1	1.1	0.9;
	17	1	0.1275	0.0790174031	0	0	1	1	0	12.47	1	1.1	0.9;
	18	1	0	0	0	0	1	1	0	12.47	1	1.1	0.9;
	19	1	0	0	0	0	1	1	0	12.47	1	1.1	0.9;
	20	1	0.06375	0.0395087016	0	0	1	1	0	12.47	1	1.1	0.9;
	21	1	0.06375	0.0395087016	0	0	1	1	0	12.47	1	1.1	0.9;
	22	1	0	0	0	0	1	1	0	12.47	1	1.1	0.9;
	23	1	0.06375	0.0395087016	0	0	1	1	0	12.47	1	1.1	0.9;
	24	1	0	0	0	0	1	1	0	12.47	1	1.1	0.9;
	25	1	0	0	0	0	1	1	0	12.47	1	1.1	0.9;
	26	1	0.1275	0.0790174031	0	0	1	1	0	12.47	1	1.1	0.9;
	27	1	0.06375	0.0395087016	0	0	1	1	0	12.47	1	1.1	0.9;
	28	1	0	0	0	0	1	1	0	12.47	1	1.1	0.9;
	29	1	0.06375	0.0395087016	0	0	1	1	0	12.47	1	1.1	0.9;
	30	1	0	0	0	0	1	1	0	12.47	1	1.1	0.9;
	31	1	0	0	0	0	1	1	0	12.47	1	1.1	0.9;
	32	1	0.1275	0.0790174031	0	0	1	1	0	12.47	1	1.1	0.9;
	33	1	0	0	0	0	1	1	0	12.47	1	1.1	0.9;
	34	1	0.1275	0.0790174031	0	0	1	1	0	12.47	1	1.1	0.9;
	35	1	0.255	0.158034806	0	0	1	1	0	12.47	1	1.1	0.9;
	36	1	0.1275	0.0790174031	0	0	1	1	0	12.47	1	1.1	0.9;
	37	1	0.0425	0.0263391344	0	0	1	1	0	12.47	1	1.1	0.9;
	38	1	0	0	0	0	1	1	0	12.47	1	1.1	0.9;
	39	1	0.017	0.0105356538	0	0	1	1	0	12.47	1	1.1	0.9;
	40	1	0	0	0	0	1	1	0	12.47	1	1.1	0.9;
	41	1	0.06375	0.0395087016	0	0	1	1	0	12.47	1	1.1	0.9;
	42	1	0	0	0	0	1	1	0	12.47	1	1.1	0.9;
	43	1	0	0	0	0	1	1	0	12.47	1	1.1	0.9;
	44	1	0.0425	0.0263391344	0	0	1	1	0	12.47	1	1.1	0.9;
	45	1	0	0	0	0	1	1	0	12.47	1	1.1	0.9;
	46	1	0	0	0	0	1	1	0	12.47	1	1.1	0.9;
	47	1	0	0	0	0	1	1	0	12.47	1	1.1	0.9;
	48	1	0.10625	0.065847836	0	0	1	1	0	12.47	1	1.1	0.9;
	49	1	0.1275	0.0790174031	0	0	1	1	0	12.47	1	1.1	0.9;
	50	1	0	0	0	0	1	1	0	12.47	1	1.1	0.9;
	51	1	0.10625	0.065847836	0	0	1	1	0	12.47	1	1.1	0.9;
	52	1	0.06375	0.0395087016	0	0	1	1	0	12.47	1	1.1	0.9;
	53	1	0.085	0.0526782688	0	0	1	1	0	12.47	1	1.1	0.9;
	54	1	0	0	0	0	1	1	0	12.47	1	1.1	0.9;
	55	1	0	0	0	0	1	1	0	12.47	1	1.1	0.9;
	56	1	0.02125	0.0131695672	0	0	1	1	0	12.47	1	1.1	0.9;
	57	1	0	0	0	0	1	1	0	12.47	1	1.1	0.9;
	58	1	0.255	0.158034806	0	0	1	1	0	12.47	1	1.1	0.9;
	59	1	0.1275	0.0790174031	0	0	1	1	0	12.47	1	1.1	0.9;
	60	1	0	0	0	0	1	1	0	12.47	1	1.1	0.9;
	61	1	0.255	0.158034806	0	0	1	1	0	12.47	1	1.1	0.9;
	62	1	0.17	0.105356538	0	0	1	1	0	12.47	1	1.1	0.9;
	63	1	0	0	0	0	1	1	0	12.47	1	1.1	0.9;
	64	1	0.255	0.158034806	0	0	1	1	0	12.47	1	1.1	0.9;
	65	1	0.1275	0.0790174031	0	0	1	1	0	12.47	1	1.1	0.9;
	66	1	0.19125	0.118526105	0	0	1	1	0	12.47	1	1.1	0.9;
	67	1	0.0425	0.0263391344	0	0	1	1	0	12.47	1	1.1	0.9;
	68	1	0.085	0.0526782688	0	0	1	1	0	12.47	1	1.1	0.9;
	69	1	0.255	0.158034806	0	0	1	1	0	12.47	1	1.1	0.9;
	70	1	0	0	0	0	1	1	0	12.47	1	1.1	0.9;
	71	1	0.255	0.158034806	0	0	1	1	0	12.47	1	1.1	0.9;
	72	1	0.1275	0.0790174031	0	0	1	1	0	12.47	1	1.1	0.9;
	73	1	0.255	0.158034806	0	0	1	1	0	12.47	1	1.1	0.9;
	74	1	0.255	0.158034806	0	0	1	1	0	12.47	1	1.1	0.9;
	75	1	0.03825	0.0237052209	0	0	1	1	0	12.47	1	1.1	0.9;
	76	1	0.06375	0.0395087016	0	0	1	1	0	12.47	1	1.1	0.9;
	77	1	0.1275	0.0790174031	0	0	1	1	0	12.47	1	1.1	0.9;
	78	1	0	0	0	0	1	1	0	12.47	1	1.1	0.9;
	79	1	0.427125	0.264708301	0	0	1	1	0	12.47	1	1.1	0.9;
	80	1	0.6375	0.395087016	0	0	1	1	0	12.47	1	1.1	0.9;
	81	1	0	0	0	0	1	1	0	12.47	1	1.1	0.9;
	82	1	0.1275	0.0790174031	0	0	1	1	0	12.47	1	1.1	0.9;
	83	1	0.06375	0.0395087016	0	0	1	1	0	12.47	1	1.1	0.9;
	84	1	0.19125	0.118526105	0	0	1	1	0	12.47	1	1.1	0.9;
	85	1	0	0	0	0	1	1	0	12.47	1	1.1	0.9;
	86	1	0.425	0.263391344	0	0	1	1	0	12.47	1	1.1	0.9;
	87	1	0.1275	0.0790174031	0	0	1	1	0	12.47	1	1.1	0.9;
	88	1	0.06375	0.0395087016	0	0	1	1	0	12.47	1	1.1	0.9;
	89	1	0.05525	0.0342408747	0	0	1	1	0	12.47	1	1.1	0.9;
	90	1	0	0	0	0	1	1	0	12.47	1	1.1	0.9;
	91	1	0	0	0	0	1	1	0	12.47	1	1.1	0.9;
	92	1	0	0	0	0	1	1	0	12.47	1	1.1	0.9;
	93	1	0	0	0	0	1	1	0	12.47	1	1.1	0.9;
	94	1	0.0935	0.0579460956	0	0	1	1	0	12.47	1	1.1	0.9;
	95	1	0	0	0	0	1	1	0	12.47	1	1.1	0.9;
	96	1	0.1275	0.0790174031	0	0	1	1	0	12.47	1	1.1	0.9;
	97	1	0	0	0	0	1	1	0	12.47	1	1.1	0.9;
	98	1	0.255	0.158034806	0	0	1	1	0	12.47	1	1.1	0.9;
	99	1	0	0	0	0	1	1	0	12.47	1	1.1	0.9;
	100	1	0.255	0.158034806	0	0	1	1	0	12.47	1	1.1	0.9;
	101	1	0.01275	0.00790174031	0	0	1	1	0	12.47	1	1.1	0.9;
	102	1	0	0	0	0	1	1	0	12.47	1	1.1	0.9;
	103	1	0.10625	0.065847836	0	0	1	1	0	12.47	1	1.1	0.9;
	104	1	0	0	0	0	1	1	0	12.47	1	1.1	0.9;
	105	1	0.255	0.158034806	0	0	1	1	0	12.47	1	1.1	0.9;
	106	1	0.1275	0.0790174031	0	0	1	1	0	12.47	1	1.1	0.9;
	107	1	0.427125	0.264708301	0	0	1	1	0	12.47	1	1.1	0.9;
	108	1	0	0	0	0	1	1	0	12.47	1	1.1	0.9;
	109	1	0.6375	0.395087016	0	0	1	1	0	12.47	1	1.1	0.9;
	110	1	0.6375	0.395087016	0	0	1	1	0	12.47	1	1.1	0.9;
	111	1	0.02125	0.0131695672	0	0	1	1	0	12.47	1	1.1	0.9;
	112	1	0.425	0.263391344	0	0	1	1	0	12.47	1	1.1	0.9;
	113	1	0.06375	0.0395087016	0	0	1	1	0	12.47	1	1.1	0.9;
	114	1	0	0	0	0	1	1	0	12.47	1	1.1	0.9;
	115	1	0	0	0	0	1	1	0	12.47	1	1.1	0.9;
	116	1	0.255	0.158034806	0	0	1	1	0	12.47	1	1.1	0.9;
	117	1	0.05525	0.0342408747	0	0	1	1	0	12.47	1	1.1	0.9;
	118	1	0	0	0	0	1	1	0	12.47	1	1.1	0.9;
	119	1	0.0935	0.0579460956	0	0	1	1	0	12.47	1	1.1	0.9;
	120	1	0	0	0	0	1	1	0	12.47	1	1.1	0.9;
	121	1	0	0	0	0	1	1	0	12.47	1	1.1	0.9;
	122	1	0	0	0	0	1	1	0	12.47	1	1.1	0.9;
	123	1	0.085	0.0526782688	0	0	1	1	0	12.47	1	1.1	0.9;
	124	1	0.10625	0.065847836	0	0	1	1	0	12.47	1	1.1	0.9;
	125	1	0	0	0	0	1	1	0	12.47	1	1.1	0.9;
	126	1	0	0	0	0	1	1	0	12.47	1	1.1	0.9;
	127	1	0.06375	0.0395087016	0	0	1	1	0	12.47	1	1.1	0.9;
	128	1	0.06375	0.0395087016	0	0	1	1	0	12.47	1	1.1	0.9;
	129	1	0.0935	0.0579460956	0	0	1	1	0	12.47	1	1.1	0.9;
	130	1	0.095625	0.0592630524	0	0	1	1	0	12.47	1	1.1	0.9;
	131	1	0	0	0	0	1	1	0	12.47	1	1.1	0.9;
	132	1	0.06375	0.0395087016	0	0	1	1	0	12.47	1	1.1	0.9;
	133	1	0.03825	0.0237052209	0	0	1	1	0	12.47	1	1.1	0.9;
	134	1	0.02975	0.0184373941	0	0	1	1	0	12.47	1	1.1	0.9;
	135	1	0.02125	0.0131695672	0	0	1	1	0	12.47	1	1.1	0.9;
	136	1	0.06375	0.0395087016	0	0	1	1	0	12.47	1	1.1	0.9;
	137	1	0.04675	0.0289730478	0	0	1	1	0	12.47	1	1.1	0.9;
	138	1	0.0425	0.0263391344	0	0	1	1	0	12.47	1	1.1	0.9;
	139	1	0.0425	0.0263391344	0	0	1	1	0	12.47	1	1.1	0.9;
	140	1	0.1275	0.0790174031	0	0	1	1	0	12.47	1	1.1	0.9;
	141	1	0.06375	0.0395087016	0	0	1	1	0	12.47	1	1.1	0.9;
];

%% generator data
%	bus	Pg	Qg	Qmax	Qmin	Vg	mBase	status	Pmax	Pmin	Pc1	Pc2	Qc1min	Qc1max	Qc2min	Qc2max	ramp_agc	ramp_10	ramp_30	ramp_q	apf
mpc.gen = [
	1	0	0	100	-100	1	100	1	100	0	0	0	0	0	0	0	0	0	0	0	0;
];

%% branch data
%	fbus	tbus	r	x	b	rateA	rateB	rateC	ratio	angle	status	angmin	angmax
