function mpc = case69
%CASE69

%% MATPOWER Case Format : Version 2
mpc.version = '2';

%%-----  Power Flow Data  -----%%
%% system MVA base
mpc.baseMVA = 10;

%% bus data
%	bus_i	type	Pd	Qd	Gs	Bs	area	Vm	Va	baseKV	zone	Vmax	Vmin
mpc.bus = [
	1	3	0	0	0	0	1	1	0	12.66	1	1	1;
	2	1	0	0	0	0	1	1	0	12.66	1	1.1	0.9;
	3	1	0	0	0	0	1	1	0	12.66	1	1.1	0.9;
	4	1	0	0	0	0	1	1	0	12.66	1	1.1	0.9;
	5	1	0	0	0	0	1	1	0	12.66	1	1.1	0.9;
	6	1	0.0026	0.0022	0	0	1	1	0	12.66	1	1.1	0.9;
	7	1	0.0404	0.03	0	0	1	1	0	12.66	1	1.1	0.9;
	8	1	0.075	0.054	0	0	1	1	0	12.66	1	1.1	0.9;
	9	1	0.03	0.022	0	0	1	1	0	12.66	1	1.1	0.9;
	10	1	0.028	0.019	0	0	1	1	0	12.66	1	1.1	0.9;
	11	1	0.145	0.104	0	0	1	1	0	12.66	1	1.1	0.9;
	12	1	0.145	0.104	0	0	1	1	0	12.66	1	1.1	0.9;
	13	1	0.008	0.0055	0	0	1	1	0	12.66	1	1.1	0.9;
	14	1	0.008	0.0055	0	0	1	1	0	12.66	1	1.1	0.9;
	15	1	0	0	0	0	1	1	0	12.66	1	1.1	0.9;
	16	1	0.0455	0.03	0	0	1	1	0	12.66	1	1.1	0.9;
	17	1	0.06	0.035	0	0	1	1	0	12.66	1	1.1	0.9;
	18	1	0.06	0.035	0	0	1	1	0	12.66	1	1.1	0.9;
	19	1	0	0	0	0	1	1	0	12.66	1	1.1	0.9;
	20	1	0.001	0.0006	0	0	1	1	0	12.66	1	1.1	0.9;
	21	1	0.114	0.081	0	0	1	1	0	12.66	1	1.1	0.9;
	22	1	0.0053	0.0035	0	0	1	1	0	12.66	1	1.1	0.9;
	23	1	0	0	0	0	1	1	0	12.66	1	1.1	0.9;
	24	1	0.028	0.02	0	0	1	1	0	12.66	1	1.1	0.9;
	25	1	0	0	0	0	1	1	0	12.66	1	1.1	0.9;
	26	1	0.014	0.01	0	0	1	1	0	12.66	1	1.1	0.9;
	27	1	0.014	0.01	0	0	1	1	0	12.66	1	1.1	0.9;
	28	1	0.026	0.0186	0	0	1	1	0	12.66	1	1.1	0.9;
	29	1	0.026	0.0186	0	0	1	1	0	12.66	1	1.1	0.9;
	30	1	0	0	0	0	1	1	0	12.66	1	1.1	0.9;
	31	1	0	0	0	0	1	1	0	12.66	1	1.1	0.9;
	32	1	0	0	0	0	1	1	0	12.66	1	1.1	0.9;
	33	1	0.014	0.01	0	0	1	1	0	12.66	1	1.1	0.9;
	34	1	0.0195	0.014	0	0	1	1	0	12.66	1	1.1	0.9;
	35	1	0.006	0.004	0	0	1	1	0	12.66	1	1.1	0.9;
	36	1	0.026	0.0186	0	0	1	1	0	12.66	1	1.1	0.9;
	37	1	0.026	0.0186	0	0	1	1	0	12.66	1	1.1	0.9;
	38	1	0	0	0	0	1	1	0	12.66	1	1.1	0.9;
	39	1	0.024	0.017	0	0	1	1	0	12.66	1	1.1	0.9;
	40	1	0.024	0.017	0	0	1	1	0	12.66	1	1.1	0.9;
	41	1	0.0012	0.001	0	0	1	1	0	12.66	1	1.1	0.9;
	42	1	0	0	0	0	1	1	0	12.66	1	1.1	0.9;
	43	1	0.006	0.0043	0	0	1	1	0	12.66	1	1.1	0.9;
	44	1	0	0	0	0	1	1	0	12.66	1	1.1	0.9;
	45	1	0.0392	0.0263	0	0	1	1	0	12.66	1	1.1	0.9;
	46	1	0.0392	0.0263	0	0	1	1	0	12.66	1	1.1	0.9;
	47	1	0	0	0	0	1	1	0	12.66	1	1.1	0.9;
	48	1	0.079	0.0564	0	0	1	1	0	12.66	1	1.1	0.9;
	49	1	0.3847	0.2745	0	0	1	1	0	12.66	1	1.1	0.9;
	50	1	0.3847	0.2745	0	0	1	1	0	12.66	1	1.1	0.9;
	51	1	0.0405	0.0283	0	0	1	1	0	12.66	1	1.1	0.9;
	52	1	0.0036	0.0027	0	0	1	1	0	12.66	1	1.1	0.9;
	53	1	0.0043	0.0035	0	0	1	1	0	12.66	1	1.1	0.9;
	54	1	0.0264	0.019	0	0	1	1	0	12.66	1	1.1	0.9;
	55	1	0.024	0.0172	0	0	1	1	0	12.66	1	1.1	0.9;
	56	1	0	0	0	0	1	1	0	12.66	1	1.1	0.9;
	57	1	0	0	0	0	1	1	0	12.66	1	1.1	0.9;
	58	1	0	0	0	0	1	1	0	12.66	1	1.1	0.9;
	59	1	0.1	0.072	0	0	1	1	0	12.66	1	1.1	0.9;
	60	1	0	0	0	0	1	1	0	12.66	1	1.1	0.9;
	61	1	1.244	0.888	0	0	1	1	0	12.66	1	1.1	0.9;
	62	1	0.032	0.023	0	0	1	1	0	12.66	1	1.1	0.9;
	63	1	0	0	0	0	1	1	0	12.66	1	1.1	0.9;
	64	1	0.227	0.162	0	0	1	1	0	12.66	1	1.1	0.9;
	65	1	0.059	0.042	0	0	1	1	0	12.66	1	1.1	0.9;
	66	1	0.018	0.013	0	0	1	1	0	12.66	1	1.1	0.9;
	67	1	0.018	0.013	0	0	1	1	0	12.66	1	1.1	0.9;
	68	1	0.028	0.02	0	0	1	1	0	12.66	1	1.1	0.9;
	69	1	0.028	0.02	0	0	1	1	0	12.66	1	1.1	0.9;
];

%% generator data
%	bus	Pg	Qg	Qmax	Qmin	Vg	mBase	status	Pmax	Pmin	Pc1	Pc2	Qc1min	Qc1max	Qc2min	Qc2max	ramp_agc	ramp_10	ramp_30	ramp_q	apf
mpc.gen = [
	1	0	0	10	-10	1	100	1	10	0	0	0	0	0	0	0	0	0	0	0	0;
];

%% branch data
%	fbus	tbus	r	x	b	rateA	rateB	rateC	ratio	angle	status	angmin	angmax
mpc.branch = [
	1	2	3.11962644e-05	7.48710346e-05	0	0	0	0	0	0	1	-360	360;
	2	3	3.11962644e-05	7.48710346e-05	0	0	0	0	0	0	1	-360	360;
	3	4	9.35887933e-05	0.000224613104	0	0	0	0	0	0	1	-360	360;
	4	5	0.00156605247	0.00183434035	0	0	0	0	0	0	1	-360	360;
	5	6	0.0228356656	0.0116299674	0	0	0	0	0	0	1	-360	360;
	6	7	0.0237715535	0.0121103899	0	0	0	0	0	0	1	-360	360;
	7	8	0.00575259116	0.00293244886	0	0	0	0	0	0	1	-360	360;
	8	9	0.00307595167	0.00156605247	0	0	0	0	0	0	1	-360	360;
	9	10	0.0510994811	0.0168896576	0	0	0	0	0	0	1	-360	360;
	10	11	0.0116798814	0.00386209754	0	0	0	0	0	0	1	-360	360;
	11	12	0.044386045	0.0146684835	0	0	0	0	0	0	1	-360	360;
	12	13	0.0642643047	0.0212134598	0	0	0	0	0	0	1	-360	360;
	13	14	0.0651378001	0.0212134598	0	0	0	0	0	0	1	-360	360;
	14	15	0.0660112955	0.0218124281	0	0	0	0	0	0	1	-360	360;
	15	16	0.0122663712	0.00405551438	0	0	0	0	0	0	1	-360	360;
	16	17	0.0233597628	0.00772419507	0	0	0	0	0	0	1	-360	360;
	17	18	0.000293244886	9.98280462e-05	0	0	0	0	0	0	1	-360	360;
	18	19	0.0204397925	0.00675711088	0	0	0	0	0	0	1	-360	360;
	19	20	0.0131398666	0.00430508449	0	0	0	0	0	0	1	-360	360;
	20	21	0.0213132879	0.00704411651	0	0	0	0	0	0	1	-360	360;
	21	22	0.000873495404	0.000287005633	0	0	0	0	0	0	1	-360	360;
	22	23	0.00992665134	0.00328184702	0	0	0	0	0	0	1	-360	360;
	23	24	0.0216065327	0.00714394456	0	0	0	0	0	0	1	-360	360;
	24	25	0.0467195256	0.0154421509	0	0	0	0	0	0	1	-360	360;
	25	26	0.0192730522	0.0063702772	0	0	0	0	0	0	1	-360	360;
	26	27	0.010806386	0.00356885265	0	0	0	0	0	0	1	-360	360;
	3	28	0.000274527127	0.000673839312	0	0	0	0	0	0	1	-360	360;
	28	29	0.00399312185	0.00976443077	0	0	0	0	0	0	1	-360	360;
	29	30	0.024819748	0.00820461755	0	0	0	0	0	0	1	-360	360;
	30	31	0.00437995553	0.00144750667	0	0	0	0	0	0	1	-360	360;
	31	32	0.0218997776	0.00723753335	0	0	0	0	0	0	1	-360	360;
	32	33	0.0523473317	0.0175697361	0	0	0	0	0	0	1	-360	360;
	33	34	0.106566439	0.0352268218	0	0	0	0	0	0	1	-360	360;
	34	35	0.0919665876	0.0304038793	0	0	0	0	0	0	1	-360	360;
	3	36	0.000274527127	0.000673839312	0	0	0	0	0	0	1	-360	360;
	36	37	0.00399312185	0.00976443077	0	0	0	0	0	0	1	-360	360;
	37	38	0.00656993329	0.00767428105	0	0	0	0	0	0	1	-360	360;
	38	39	0.00189673288	0.00221493477	0	0	0	0	0	0	1	-360	360;
	39	40	0.000112306552	0.000131024311	0	0	0	0	0	0	1	-360	360;
	40	41	0.0454404788	0.0530898028	0	0	0	0	0	0	1	-360	360;
	41	42	0.0193416839	0.0226048132	0	0	0	0	0	0	1	-360	360;
	42	43	0.00255809368	0.00298236288	0	0	0	0	0	0	1	-360	360;
	43	44	0.000574011266	0.000723753335	0	0	0	0	0	0	1	-360	360;
	44	45	0.00679454639	0.00856649421	0	0	0	0	0	0	1	-360	360;
	45	46	5.6153276e-05	7.48710346e-05	0	0	0	0	0	0	1	-360	360;
	4	47	0.000212134598	0.000524097242	0	0	0	0	0	0	1	-360	360;
	47	48	0.00530960421	0.0129963638	0	0	0	0	0	0	1	-360	360;
	48	49	0.0180813549	0.0442425422	0	0	0	0	0	0	1	-360	360;
	49	50	0.00512866587	0.0125471376	0	0	0	0	0	0	1	-360	360;
	8	51	0.00579002668	0.00295116662	0	0	0	0	0	0	1	-360	360;
	51	52	0.0207080803	0.00711274829	0	0	0	0	0	0	1	-360	360;
	9	53	0.0108563	0.00552797806	0	0	0	0	0	0	1	-360	360;
	53	54	0.0126656834	0.00645138749	0	0	0	0	0	0	1	-360	360;
	54	55	0.0177319567	0.00902819893	0	0	0	0	0	0	1	-360	360;
	55	56	0.0175510184	0.00894084939	0	0	0	0	0	0	1	-360	360;
	56	57	0.0992041209	0.0332988927	0	0	0	0	0	0	1	-360	360;
	57	58	0.0488970249	0.0164092351	0	0	0	0	0	0	1	-360	360;
	58	59	0.0189798073	0.0062766884	0	0	0	0	0	0	1	-360	360;
	59	60	0.0240897554	0.00731240438	0	0	0	0	0	0	1	-360	360;
	60	61	0.0316642084	0.0161284687	0	0	0	0	0	0	1	-360	360;
	61	62	0.00607703231	0.00309466943	0	0	0	0	0	0	1	-360	360;
	62	63	0.00904691669	0.00460456863	0	0	0	0	0	0	1	-360	360;
	63	64	0.0443298918	0.0225798562	0	0	0	0	0	0	1	-360	360;
	64	65	0.0649506226	0.0330805188	0	0	0	0	0	0	1	-360	360;
	11	66	0.0125533768	0.00381218351	0	0	0	0	0	0	1	-360	360;
	66	67	0.000293244886	8.73495404e-05	0	0	0	0	0	0	1	-360	360;
	12	68	0.0461330358	0.0152487341	0	0	0	0	0	0	1	-360	360;
	68	69	0.000293244886	9.98280462e-05	0	0	0	0	0	0	1	-360	360;
];

%%-----  OPF Data  -----%%
%% generator cost data
%	1	startup	shutdown	n	x1	y1	...	xn	yn
%	2	startup	shutdown	n	c(n-1)	...	c0
mpc.gencost = [
	2	0	0	3	0	20	0;
];
